#Naif    Balayage
1 0.002391 0.000666   alea
2 0.003294 0.000486
3 0.016579 0.002874 
4 0.033230 0.004156 
5 0.493049 0.026948 
6 0.878276 0.045709 
7 2.112321 0.085282 
8 4.320544 0.186572 
9 0.000012 0.000019   test
10 0.027453 0.004595   c1
11 0.033670 0.005209  
12 0.045021 0.005306 
13 0.046810 0.007850
14 1.011621 0.010456     ibm
15 34.388856 0.082724 
0.000013 0.010275 0.000012 
1.083218 0.015995 
0.798747 0.004578 
0.800540 0.779057 0.004645 
0.785802 0.004718 
0.024671 0.002177 
0.060373 
23.962566 0.265712 
0.000011 0.022297 0.000019 
0.002183 
0.000013 0.023489 0.002597 
0.002757 
0.002131 
0.000569 
0.000643 
0.002463 
